[ 0.0000000e+00  5.6280560e+04  0.0000000e+00]
 [ 9.9200000e-01  5.0854642e+04  2.5288844e+04]
 [ 1.9490000e+00  2.8599889e+04  3.8993427e+04]
 [ 2.8530000e+00  1.0024885e+04  3.9799427e+04]
 [ 3.7100000e+00 -2.8036180e+03  2.8477291e+04]
 [ 4.5420000e+00 -3.6199860e+03  1.9545813e+04]
 [ 5.3780000e+00 -2.1791710e+03  1.6064208e+04]
 [ 6.2600000e+00 -2.5507700e+03  1.5725085e+04]
 [ 7.2400000e+00 -5.6079410e+03  1.3768135e+04]
 [ 8.4010000e+00 -6.1498180e+03  9.8393700e+03]
 [ 9.8800000e+00 -5.8776600e+03  6.8721100e+03]
 [ 1.1941000e+01 -5.4467000e+03  5.1446070e+03]
 [ 1.5169000e+01 -4.5079260e+03  1.6279150e+03]
 [ 2.1174000e+01 -2.1426550e+03  1.6499900e+02]
 [ 3.6477000e+01 -6.0079800e+02  1.8557000e+01]